3213542541
3321122232
1444514542
2255242245
5414545441
5514514431
3222441332
3253152252
5112252532
2332324424
1355421223
5415543421
3411153221
4453215312
5515213452
1344352534
3512233553
5141253221
5531253231
2323143453
3222252552
4255313444
4243142213
5121523414
5324445443
2315311413
3255515534
4142212342
5224242433
5431414454
4431155541
2554523555
1335331523
4525155212
1554252153
1244442352
3321143111
3413435224
1345543111
3242523335
2242323512
2344321224
1121534445
5234524115
1123445154
5353534344
5354122155
5251521422
3315312112
3545325123
3341232344
5232552532
3514342323
3233554143
2112533242
2525134241
2142135242
1223355231
5252254133
1331234411
4221253335
5321415222
4451512232
1242454552
1121321152
3231423511
1123131325
4331153321
1433515534
5325544452
4435125313
2543512415
4253555234
5315534414
3153355225
5131244131
2451421324
3145515432
5424343532
2552232444
3323533424
2534421545
4532423355
3343413325
2122524312
4412441132
3245321322
3243231431
2241245234
3534254514
3544252222
1241125415
4413121413
3524155114
3224232454
4313212334
1151115532
3141315343
1232145153
2254441141
4253554535
2352221531
4113143315
5343333122
2334131351
5454233553
4111434414
1434413432
4531322254
5533425455
5132443314
2331534155
2155333551
5452415212
1521411452
4413342543
1355135515
3314314245
4253531325
2123431515
3124325355
4555153523
1434353155
1511225222
3354332315
1524223353
3253531142
2241123433
5213213341
4312433443
5255433422
5421124123
4213344355
1442125352
2514522514
4422453141
4413454521
3351245111
1142424445
3115443524
2452221122
3515342234
4422415325
2431321145
4153155411
4532331545
3235331455
2251434245
1413212122
5531521224
3352132112
5241111441
2251425131
4132342552
1242154342
4344253545
4143411131
5123151225
4531552435
3533114345
4543341222
2444321352
4455133423
1213341232
3154443153
1544431424
2423335242
3141544342
4434452344
2435552514
4514433542
2333545315
3235132414
5413523342
5541355215
4514555312
4425341253
3233324542
2143252131
2514133233
1552115443
3544524325
3234553255
3112232252
2124412315
3211231332
1224221233
3522254225
4433554133
4451544341
2435155413
5333224111
3541421354
4234143332
2251351231
4112313451
4524355313
4422135253
3255432441
4212112353
2142431253
3413453214
5255512233
3242413255
4415253554
3513534412
1252221141
1254423334
2352424442
2541434344
1551245542
4451415131
3344244431
2545541315
5312555524
4225331311
4513542514
1124242121
3422521431
4551353444
5135213335
5315312221
4132421333
1415331513
5214215422
2545155452
3124341511
5343221515
4335543332
2145352323
2141143321
2424115411
4324152422
4231324454
1523411314
3551154234
2452434544
5142314411
4322434221
2112234432
2554543251
2322542413
5425225333
2114415234
2321555425
1411214115
4453352541
1123344122
2321511212
2122554344
5355132322
3342422141
5315422424
4513221413
4421221135
1452343144
2412321132
5345425354
3441344234
3224424142
2112111441
5523251123
2555152321
4423235541
3324224313
4313333225
4322215344
1154444234
3544153133
3115413134
5233141334
1151352553
3552255323
1442313331
2152533443
4415252514
1234433221
2411411215
5211252354
1142541415
3513223515
2352124211
5332344143
1354121414
1534442111
4124342121
2343354312
4324354334
5324212514
5155124414
4452544153
5452321151
1312531325
3123425135
4132225245
5442454214
2321134554
2122125142
3424551311
3433143321
1554544535
1355253121
1545425111
3554551525
5315355123
1121152235
3124344222
3353355215
5555141445
5524441525
3212535443
3512234545
1322551353
2445231212
1222314243
2114353152
3442455525
3113535533
5335134234
2152142525
5314321135
4225153434
1325324552
4335451224
1331541552
1115142455
4444251145
2224233421
3445422314
3551342524
5144423154
2132413342
4213353234
4125314314
4442155333
4452241433
4231111413
2435145452
3141155145
5455241352
1332514415
4412541355
4453145113
2312131115
1332545354
3543124454
4351155524
3433132232
5224411224
3421224415
4424234323
3412411535
2334335232
4515143234
2554334523
4242152222
1552413212
4222215114
1331353531
1351524532
5115244552
5241123555
5251221515
3315554334
2244413244
1111121553
5422224113
2134534232
2222514345
5224414421
4211152544
1533222512
1555314325
3243224135
3124454122
1351453535
1343123253
5132525245
4234244454
1213241453
4521153311
4521221132
1332212235
2225455153
1311225513
3544541154
3232312415
3225452131
3331532445
5242153414
2241233425
1323235543
3533132341
4442521342
5415333431
3544241434
5421245311
3311515252
4511523551
5112223433
3113511124
4353114254
2243212542
5353415451
5451332155
4331524521
5354325535
2232425545
3254112552
5322354535
2214513433
3145122433
4214151432
2254515435
3245232214
4252413333
4122235354
4355524131
3534351434
4345111321
3123132124
4523514215
4225342112
2425453433
2322343521
4325332352
3212344114
5441231353
3434533432
3343544121
4511112531
1214522521
1423332515
5234223415
5143153112
2435142424
1444422523
4421541355
5513331341
3122432232
5341211343
3555415412
5512114534
4321551113
1354432245
1412153421
2313344531
5121325533
3152454554
2332145443
5312155333
2451153332
1523434334
4155342421
1215241323
1522222231
1122355453
5454152254
1343114523
1141451354
4254533454
1432232355
2242141231
4133411533
1441121413
5431115541
2411123333
4134525454
2144352312
3525552453
4515122553
1125554353
5414523325
3354214334
3125122521
2444143252
1422335212
5415144351
1323232154
2222135325
3153312323
3412353432
2321241131
5233551521
2142334215
5345113555
5235333414
2443123113
2142551323
5252425524
4355414454
4144242155
1314452131
4542542222
1144351542
1533222524
2555515514
4144441533
3415135254
2534353145
2213533115
1525253214
5114311441
2242135113
5444142333
1414413525
2531523213
4431522245
3324325215
2544352313
5121455453
4141425532
3422312331
1452335453
2412334521
5511124234
5444454125
4523543322
4224441154
5231421525
3514143331
3135254211
2534114143
1245343431
3423121531
4214321244
5344331415
1522154443
1554315453
3311433424
3333112124
2223553411
3355532443
5115251242
5252255254
3111541235
4235343432
3132352332
2531544514
5212312145
5522541115
2445233111
4332214353
5123242115
4242152323
4535513333
5511431523
1122353314
2354241522
1235311553
3543314233
4152415443
1425145555
4352532342
2225314345
1524251142
2521221545
2342352214
4521134514
1331331551
3155415255
4144522232
4411341213
2122542355
4514532443
3244214334
2325441534
4215231332
5114522513
5253244122
3523324425
3314543551
1324231221
1315334314
4321352142
2551543224
3245515322
3121142151
2235134231
5533353524
3421235123
5211113354
4545254111
3425331324
5115412535
2521441211
4123123124
5521243521
3223313235
1313331341
2524415413
5422113423
1312255111
1122515433
3311451322
3443253245
3513212252
1444353251
3345355342
4122515225
3555155235
4221411524
2333213112
3334254524
2153425553
1223155124
2544222434
2333123551
5431553454
1452131432
2112313132
5111252533
2221535241
4431331531
5112431531
5114123211
2221325255
3421122322
2354325521
3224555422
5554351341
1141541123
1214442255
3435114125
3353343234
1545314351
2114211143
2215513211
3522244112
5243112513
3135112454
5122223453
4353221424
1151223124
4354442132
2141341344
5354254442
2321341543
1311415155
2233455243
4232445334
1123554355
2245412222
4333134342
5533352325
2154354332
4413134444
4355123431
1523434134
3321235524
4115231413
4352434235
3243423524
4412525221
1131433323
3143115215
4344151413
3124321214
2514235311
4131521535
4342411451
1241522413
4245145324
5415455242
4451143311
3151142221
1351413533
3514553242
2433354315
3153251325
1514334145
1124435532
3552114123
5313135412
3322421132
4355344251
4555441221
4254544311
4425525144
2132332244
2143444453
5225144243
1324413414
2415334145
3244123132
2532524311
5311355231
4353553131
3523351122
5323551353
1134353413
4242214151
3252541251
3342525455
4422313354
2115354342
3243154443
2344242252
4425155355
2515223323
3114153311
3522111141
4152251431
5543251511
1532433115
2415122455
4433124532
2351231454
1312451234
3233351232
4325513334
3214222124
3154132152
1411541315
2152442513
5213315455
2522151422
4221244422
4355123314
5213452121
4322411224
2344554345
3523554341
1125154343
3411121513
3522134331
2552435455
1355315452
4125541212
2331554154
5114212241
1542413452
4113155132
5421342514
2532432311
5314123253
5523552551
5553342333
1134343311
5445311112
2525452211
4124441131
1435353353
2554553151
5524151555
5323234414
4325551152
4123345141
4354332534
3354153341
4522511213
5343312233
3115335225
1452412122
5432214321
5253332233
2225311333
4451514154
5414153252
5343554544
2535215213
3125334252
4354522145
2131443152
3531112114
2142534542
5535355431
1213311145
3333454334
2122555211
1344112554
3112443215
4453232123
2353321253
5133412544
1324415322
4541423244
3441534424
1532443553
1243453213
5441515234
1222543432
4411244145
2243244425
5531532415
2211211511
5241534424
1254413545
2355524133
1211443133
5153534231
5142545422
4113154454
2323112154
5525333411
1131312553
4543544243
1523444254
1121324432
2555513431
2154534451
2131443135
5443414553
4344424241
2145352531
4121422314
2133441541
5555113332
4412251352
1433351453
3224313545
5423111324
2221231125
2312314121
5441535252
3141311542
2441431551
3312552122
2223451352
3355544353
2321112142
1412533552
2543331125
3242132112
1443213443
3234141231
5111153244
4333532153
5345221413
2112225215
4553353251
4523114455
4442352334
2153124134
4445535314
3112311514
2331554232
1152454355
2254244214
3512521223
2322321523
3444122545
1521343242
1443423335
5534152134
1143424425
5343134535
5445251344
4355152144
3552154422
5221142251
3533251545
4155213135
5253242415
4221235355
5151355554
2113444254
4324544534
5215523435
5433524144
4524554511
4511121531
4121243555
5152133245
5231143455
4452534431
1541533332
4341135352
3253125424
4523233415
5335435113
4355331254
3333511141
3235514344
4122534235
1121121441
4435325525
5233121545
5435311115
3425212145
5322245114
5531413445
4242353333
5151242334
5144215322
1553155434
4224524541
5313141324
2415125121
2555222343
4442554514
4444213414
3254445351
4121422513
5415224352
2155514335
1115534221
5513133314
3124134312
3241253121
2344254251
3532524312
1224444542
3445412321
2331342554
1142451215
2252442442
2211124145
3121434324
4255212411
3543242213
4345332311
3553252514
1351424215
3555151554
5345244123
2343325444
4111213122
2251545411
2543214525
2222231532
1412352515
2511125312
3125545215
4533135524
1411424442
4332432322
2551343455
5431353433
2444443414
4222514322
1452513235
5444153314
5123442345
3432534241
4524141332
5322335324
5533441314
2142144344
5434445331
5132552351
4442512321
2332553153
1453113542
2455315151
5145421332
4544112442
1155313551
5135213125
1125213154
4332131534
5543211331
1123313355
5421444113
4213245333
5441134131
5145314444
5543253325
4233454333
2122322334
1143321441
5432413554
2431232144
4232131334
4242315224
3123112535
4244144415
5324524354
3345335445
5422212242
4512252225
4535253455
4353354121
4321554133
2234513431
5254545553
3244344411
3145232521
1423425345
3334515312
3411521321
3321342542
4455253235
1341235434
2441245553
5234131354
4144212245
1242315154
4455224425
5323152422
2131255441
5355115522
4132152121
4343112245
2132353444
4251322132
3551354114
4134431344
4353212345
4312525452
3124514122
4423332245
2244322241
5512431151
4312543434
3432534225
3211223535
1255333124
1523224553
5525413553
2521551444
4214341144
1151355134
5514143311
4245224523
1333421441
4251233255
3242235222
5523335334
5414134233
2525414451
5544342443
3525243514
2424435144
1441233134
4224132221
5152521352
4453544452
4345214412
2454442545
1515253123
1133524222
5335211255
3334435211
5124425143
5411343121
5254544541
1121411124
4552513413
1551215252
3535114523
4412551255
5515441433
5453342154
1441551121
1241135555
3234131433
5213354433
1115214434
5123533454
4145155314
1153354135
1415551251
4552255312
1243415355
1443551514
2114431514
1431545232
5542255144
5411541124
2134122133
5511334533
2214322253
5231442145
5254123211
4214131132
5352222213
1145335254
1534452421
1544431425
2445121313
4312234235
5344511331
4311212135
1145432324
2255125252
5445123524
1443122141
2122145434
5555253542
2234534142
3225515123
2554353321
3231513343
1554152411
2211223344
1454552344
5111443532
1112342225
1253134545
2534454452
5222123424
2333114524
5534535423
2412134351
1424223535
4324513431
4421552435
2342132243
1333321144
1554223111
2134313351
1135515214
4433313152
5524122421
2345545331
2511335415
3115151245
1354325245
2121241534
2553542151
4521535335
2332543531
5311523114
1221412514
3151534535
2443145331
3121233554
4143213213
4533121131
1212441251
3424223231
5512331425
2413343121
4232115243
5231224111
3434533212
2443345434
4424331542
1222135433
4441415551
1352244435
1534222244
4252331123
2413224114
2322255541
3214331225
2125222441
1442545245
1513152321
3135524131
3113112314
2113331341
4413442553
1351444143
3233225332
3534255244
2542121313
5123415542
1142321123
1515433441
1325132324
2422455331
5121334315
4535424452
4254131152
1152142153
5533323312
5513455222
2543243433
2541424535
2455334423
5335432442
2225114442
2333223525
5543111223
4354543325
5441411412
2523534111
4354143521
5241553452
2532553545
2554154535
4153255145
4534152522
3325341131
4422222231
1334124445
5232531354
2552245524
4331214344
2445153355
3211231413
1231112432
4112443342
4343225215
5532411114
3555335555
1141145311
4525344352
2223255344
1222431523
1451212245
5213423435
3235442215
1223444342
5335232514
2224524552
3153131125
2142245411
3322123452
2413515323
5341335533
5155142454
3354341132
4144411452
3345532514
2133235433
4352324551
2542542242
2135235451
1121254422
1314213125
5444512531
1431151355
1512131253
5315213352
2142224453
5341224313
5112333441
5225223124
2352232531
5153531451
5525541151
4524111212
4111545144
4215521154
5221345443
4425211114
1315353332
2134545244
5334123233
5351112523
2554141414
2412544413
1232335555
5152222143
3312341452
1544233154
3152121152
5152512125
3144232531
5355334231
4551442212
4443142433
1245223422
5133141233
2142443252
2432342554
1115351431
2121243222
4554553143
1212142144
1231443123
3324321413
2312253422
3122431544
2232145145
2425345142
3553133243
4123243142
3244452225
1424115431
4413333255
3543432351
1411121422
1454545324
5151511132
2455212431
3525132455
5344135335
4212435325
3215141243
3332112122
3514532145
2131551144
1553425424
5335555214
5245341442
2512434355
5412143534
2151453252
3153125513
5313125151
4334531253
5554244315
4555325535
5114221322
1131515225
2322113454
4353241424
5322352254
2443245141
5142541222
4443321255
5224445312
2412133232
3324512111
2535115134
3132523411
1253341523
2515231553
3131131344
2343232225
2423434233
5524531214
4532321234
2315444343
5121321151
4433222314
3231131523
5551511125
2314433144
3244524135
5315534341
2111324214
1543321554
3252254542
2141312421
1313552114
4124254542
1224114241
2451231225
5513533523
2251245555
3541321532
1213124341
1333245413
3125342431
3214155244
4142142151
5444251112
2345533143
4455552435
5535235143
5455521553
3421453123
4552213243
1555433223
4232212553
5221254414
1135415111
5331144243
3115311534
2222132123
2241433241
3235555522
3231122251
3534124121
2234451433
1322521225
4433454532
3421555553
3523535421
4425155232
1253341325
5241452112
2442334125
4133223241
3431524313
1323215122
5253123542
1513522154
4331352354
3443211221
1452515524
5323535242
2321334422
4541435212
3441143332
3445152151
1255155144
4133433554
5113155452
2133451441
2422143224
5425213314
3335122554
2124453455
2535125325
5212224451
1415213442
5351225253
3454451324
3311212445
2252412242
4324344121
4354241524
2435142352
5222343112
5553152123
5341541442
1315314154
1224315123
1344115355
3414354144
4451145233
1534322513
1221522323
2353122514
1155352124
4553541143
1551113123
5523435325
1245311223
4311141311
4153142441
1335211134
5555512133
4133345131
1455451222
1255125223
2244254143
2351135125
3444242131
5551132111
1323441232
3355342144
2132133441
3134434112
3152444452
5332224153
4512542434
3115434233
5445214541
4345142215
1415354325
3131443534
5243332533
4211222511
1314554253
2141512144
2153232242
4514152211
2243511311
5124134214
2155542241
5211134455
5544253145
4112132555
2513114345
2535151414
2243321415
2231133141
3352213544
5411522512
3523253342
1521442453
5153451412
3553134555
1225424144
2543255324
1112333123
3332255451
1123314411
3443355323
5145121344
2141554413
3122523532
3141151413
3511321143
1512131534
4315352442
3325425335
5443343224
5211352544
3534414243
3215534534
3411352354
1255345315
2435142454
3124425423
4551443414
5541455145
2121233344
2213151452
2524525431
4354234125
4534211533
5324153454
2541343214
3522532224
2242342314
2252122111
1121441414
2133151115
2313413145
2512215232
4512214411
3315152324
3422115315
1134253331
3425341152
3351213512
3225125145
5333455525
3513414445
1312434153
3413242114
2424224354
5215333545
4153333335
1155241455
2552224522
2252145415
4435425113
5245523532
4131524324
4545432324
5354434331
5414431324
2343114445
3351215551
1323315552
5342254222
4413244524
3435454231
1235513221
1455215215
5123253352
3133522411
1513124121
2253134423
3112412433
2115232315
1215152555
1454323545
1443531355
3342313343
3515255542
1542531231
2455452244
2355113144
2131532251
4424133443
4433523531
3453332331
1552323512
4434223231
2314542431
4515112444
4343233524
3325424155
5133155442
3253511112
3142242133
3133413444
5251212335
5333335434
2152342351
3211351545
3153441155
4551244123
2111135123
5241144332
2535443432
2141155522
3512152335
5121455514
3455123353
2145114223
3151535343
4521354552
2223112251
5232533215
2245554313
2443253111
2322245532
2545424125
1344135234
1524453532
2212521324
4543415215
1444452134
3224453214
1135451315
3313211232
1441151545
4524554421
3235443142
1544123344
5324133552
4411513132
4233453513
4225523144
3123332533
2521423323
1421513552
4234131515
5142252113
1114524231
4112145134
3155554231
5315553123
5123414543
3532255222
5522314341
3121133532
2542223535
1341431535
1231313521
1331323135
2312551234
2522333511
2132331125
4223144233
3515253513
2313245441
5152124252
5251222453
2454135515
5242412455
4551212342
2541442425
4441421131
1121254312
2135432134
4331335344
3245243245
1445452533
1111131331
4311511543
5151424313
3214213314
4243434311
1435133445
1131122542
3334312425
3554534344
4431454213
5535143135
5422231545
3122134155
2255533551
5111543111
5555253531
3544544523
3332442224
4134423345
4441211223
4341411242
4424133333
5233151524
4415342515
5225431143
1412255455
2531221153
3243123234
2241442441
1343532524
4152341522
1114511235
3514455551
4352221421
1431233223
3433153522
5243522341
3325154233
2433213245
5135442341
3312254445
2221542455
2325225211
3551443214
3144125314
5344321112
5531125453
3453422324
2325522424
2432124512
5343314451
4233132333
1343432542
2535325123
2152112414
4542253311
1225534145
3112431333
5254542354
2142145323
5442543134
4512525234
3321225442
3525233114
4131335342
4423125514
5145122324
5444133252
5552121225
3222425532
1235223332
2334125323
1411334342
5145341143
2142545451
3142511223
4343314224
2554241252
5535551254
2412313145
1111244534
4212335353
1411333221
3411412443
4142241121
1334335432
5431355133
1443135431
2444243551
5342252353
4232252514
3111541234
3324253515
2223532512
2214522132
1451132114
4355354335
5551145221
2341252551
2442414135
5522231552
3313142514
3133344213
5444231242
4251245535
2542335244
5231213425
5513113341
2513322355
5554123355
2232212123
5423242222
4124352254
2524522425
1112511344
1411451555
5215255542
2345121252
5221141221
1411515532
4123355455
1142352415
1434545433
4333443341
2154342253
2413311141
4451231214
5425111324
4523525514
4514244341
3523542412
5233543235
2223423311
5341423231
1223315323
3353332152
3114113222
3532431554
4123114125
3224431231
1455525155
1542333544
5245143441
2414343234
2341323424
1542225554
4544453223
3231125341
5341244553
2411241235
4224425534
5541344452
4215544532
1335312421
2244121122
4322132422
4443323234
1233232543
2435124351
1154224154
5421415313
1414245253
2324214154
3144222235
1151313321
2541243433
2252121134
4231152422
2323444245
2221451254
3125341434
2251342243
5142341152
3225413434
3333233543
3431345215
5222354253
3312541233
2345351122
1523325411
1355254243
3241125354
2233434443
3315132212
3423551421
5331123521
2122342322
5334223245
3334355444
1125122551
5341132544
3511451221
1333432114
2514131254
5425543123
5211415241
3231344533
5425554353
3354334522
2524535514
5322343121
2222341421
3144142531
4534214454
2212351331
3122233432
2251424221
1233335223
4522233155
4252133112
2255131452
4245331325
1114312432
3332313552
3512532414
3321131314
4514354423
1351352135
4132554335
3131454511
5442315142
4235224533
1311234555
5355125411
4322153445
5344422215
2554312511
4111125153
2355151223
5112224235
3545542242
3422324441
2352542212
4321445135
3214154452
3323131254
2355535333
3155124333
4123252155
1434314434
1544113345
3243442123
4522234234
5424141345
1115352453
2424251255
2214333433
3211331333
3124254451
1551543353
1211245545
3421342443
3511324251
1135425542
4134154351
5255432225
1424323541
2224433434
4111413512
4315153252
5253545441
3525143113
1223151445
2334244535
1441542241
5124515551
5255434423
2513324552
1423112154
3531123554
5152453555
4343122134
4142441154
1151211513
4352453222
4132255233
3522312243
2322315344
4513154523
2133151325
4113354544
1111544441
5352135125
5443513312
5111533242
2552132431
4412415442
3421542334
1445311352
1545311244
4535252454
2552113255
5351213324
3422334211
4355435444
5224234155
5141234513
5153213322
4513322512
4453554542
1455513314
2314331352
1432525532
3143513245
3422533534
4145412331
5415414341
1351443223
4425121351
4341121222
1123234333
1334355352
5145212445
4352332141
3442553413
1241151331
1534323244
4234452315
4331142311
5233151453
1354232241
5152251424
1132235133
3434351521
5414512421
4322213533
4421132535
1152522253
1454525455
4425531215
3251322524
3423434333
4153354524
4321351535
4421121351
2155512324
3223532124
4235124554
1441315325
2235511542
2145145432
2135154314
1142514124
3512343115
3551143444
2415213115
2321221453
2253542334
1114133134
4425114133
4442132345
4533532334
4513122441
3213353435
3533313244
2112124352
3553234123
1442145352
4423233521
2224524322
5521134453
4132243413
1152521343
4254541153
1254342514
2424423453
5135433353
2351245514
2215211145
5252525323
5155232412
4555213144
1531534152
3153315442
5325531111
1513523345
2525332214
5353222535
2231152131
4344232451
1125312445
5222422234
2323341235
3433433444
3122444121
5114134421
5525515335
3443542134
3533314553
4434421145
1135524412
5522214252
2325335145
5412443214
4244113524
4534535253
1224252323
3424151543
1531223254
3343114524
4144141451
3245232234
3535251222
3134212331
1155424253
4342335112
3113552152
3254354332
4113351143
3344232132
5554115445
2441154212
1554112544
4332521344
1341122214
2325242555
4335342115
2154155223
4434511143
5554115322
4441452443
1113244513
4552253325
2252132112
3441551523
1231123445
3125521131
4525242141
4241132243
3215133125
4115435144
3224215521
1415125235
3123343335
5444553354
1335234242
1354213435
4335222522
4542355241
2345135143
4241342335
4311323345
4444314114
2344453525
3221344551
5222514552
5244525345
3512133521
5523131155
4141155321
3132532554
3235325353
5323253145
5213215354
3223222125
5112213123
3245425441
2234132314
1124114242
1431345125
5445114155
1133122123
5322141442
1142311431
1332544153
2244243445
4341355445
5541221325
1212155551
2411511223
3325311224
3521215155
5241532434
3554544414
5123241114
5434324154
1511155124
4214242431
2225332352
2141432441
2152344532
5244551555
3142545331
2342423213
4453243431
1223211552
4255533445
3252543225
4125544153
1415121441
2243411322
2514221312
4115545443
3155455431
1211322243
5252133455
2532214135
4115235225
3543412333
4445533232
2511532342
2321123534
2251142355
5233235354
1335434514
2523125133
1522552444
2235123142
1322524523
2323231444
5535124231
5315531325
1323155312
2442351432
3434514112
3153144425
4512511521
5545453422
1254253332
3432335544
5131431135
5423314525
1342222524
3241151334
5341143344
1155331513
5543423322
3551221334
3554553313
1431532412
5253545551
1233132315
5152315535
2225231415
1215544522
2254242244
2151121221
1333313411
2554455123
4535413524
3412521441
3225222145
4532325254
3251223451
5113312122
4355121515
3322325151
2541444132
5312522151
1233235413
4132411423
2113144315
3553111352
3253511453
1532354534
5523221322
2532535441
2542454255
4524233343
5121242514
3453225452
3231113141
3543411225
3513541553
4323211341
2454525124
3154125251
3131154553
5335245331
2421441312
4525213343
3533343121
2352541325
4133214325
1115343223
5254225322
3544341123
4552313242
4435513132
5142145454
1444345541
4534531453
5344312511
2553554553
3534241555
2344153322
5153334132
4554351223
5514231442
4142341111
3545144424
1313233312
5323431134
1323122214
2451423451
5334445421
5152233243
5252213235
1545242313
3314141252
5155422333
4132212325
3313313351
4542525224
3253514421
5322512433
3242213151
3125523351
1115143122
3114114223
1135254442
3253341314
5114535431
5421342232
3455135241
5154533513
3524452531
3313451152
3522542525
5154343235
5344535145
1223333334
4245525115
5254435414
2412221532
2522521115
5524124423
3524211133
4342134554
3321322245
4234431432
3554551323
2142242154
5413141224
2451541424
5244132113
3115323151
5215423112
3253433351
3125342422
1535521221
4552351252
3435544343
2222551235
2135255353
5252354152
2454353513
1114224113
1245353435
4135411214
3311232141
5113531133
5151133253
1241522112
2534421141
4211311331
2314451111
2115442444
4112315435
2442543142
2445442544
5434321133
4545421324
4452111522
2352314132
3552343132
2434251154
4321522225
2431455544
2133324151
3411544323
2431153211
4351155311
4222255534
5131145251
3311344525
3214532341
2352511413
5152451345
5133435251
1542544342
1234414232
2133213433
2521423452
4441112332
2531554353
1151515322
1521335115
5142335453
5325134523
5244353214
3534354145
4134523542
5454121412
5325432233
5512432521
1553324121
1342431353
5321551234
3233213553
1514132352
5131152141
3153435244
1243555422
3212222523
1413314532
3254113122
2123532313
3454335554
5322442554
2312341352
2411425415
1235424122
5331213153
4221424144
4545555323
3123355353
4455512441
2434533453
1251135431
5113532444
5355313512
3552113322
1512154442
4145411543
3414153335
2543232324
4521142244
1154445555
4521453134
1251143115
3354545345
1145345523
4153115111
3423445532
4214134224
3212253345
1155234241
2253151352
2144533321
4543452155
4355251142
3544231312
2125353354
4223152353
2521531254
4553545325
1511241244
1321455323
2114341155
1112133314
3335353421
1554355455
5133524245
3224315522
2423123332
1542143253
1124442455
2134521123
5512411112
4524154452
1515145533
2125151134
5415242113
1211451231
2514231141
2415545244
4353132544
5543411335
1411314321
2233435142
1111535332
3222453152
1213525334
2515134512
2233545421
5144213523
3432354243
1433211342
5141355525
3125313235
2354422135
5141153324
3535312542
5545132521
2122533115
3445225125
5431435532
1135411412
2251522442
3553353125
2424321213
1521233142
5134411544
1341355143
3143354255
2415235414
3544421253
2123445115
4324454312
2345123314
5143125314
5342315445
4241255434
3233412345
4433522215
2311443552
5241422232
1153141244
1135341222
3342115423
4113352143
5352512325
5231115315
4251212431
2551353451
1544515532
5255344344
1455552445
3252314312
4224233342
1455554225
4221311213
5445544225
4154444131
5334411455
2551215144
5233412524
1322552552
4335122351
3125421224
1122422453
4121122111
5432422514
3433452114
4431552554
3134224325
1541334451
5553455245
5153531521
1325154543
3225413541
2313351532
2515452352
5111552153
5243454213
1341144533
4141215224
1555542351
1554454522
2123155534
4533432112
5234424124
5233345542
2315351321
1123324111
5344231444
2322434231
1252155415
2134332135
1455211112
3355522525
4221154254
5151522441
1211554211
5321135325
5151352333
3453555545
4114215322
5525433312
1241534532
4122131151
5222452355
3342154332
5511344222
5353252145
4542214214
2431313153
2341431214
1442454333
4333215344
4241532144
4212441243
5113342415
3524251454
2534255242
2342352235
2155223154
3421355342
4452151521
1141451313
2134343252
1555545313
2312424322
5412431455
3354422145
4353324512
1235242251
2431443214
2434312522
1352111453
3231231215
1255413445
1545543413
1141231315
3523215335
1551112242
4315312314
3454531441
2434535133
2123415244
4124514345
4141243212
1235445351
1353413245
4542541521
3511424531
4445345233
5153543324
3233544534
1255525432
4252555121
1424222541
2241234151
2515323413
1224252254
5552331523
5223231441
1522215453
3331215155
3143311441
2353555415
2154153451
1332342123
1222355341
2154541133
2515453511
2321353413
5251355354
2444434542
3522533334
3243254352
5241314115
4254215255
2524442124
5531122144
2352254145
2252341245
3341425443
4454454512
1555153315
2512351513
2132241323
2133311324
5214554323
3553212555
2522433325
4454531331
5355251524
3434123523
4435421412
2245524215
4425145131
1325513424
4511542252
5154333431
1341144553
5152212545
1531513322
1131442422
4224455222
1335112442
2131354552
4535155145
5523424324
3251521534
1534321114
4551355433
1444545312
5521113542
5124445434
2523351141
4111222153
3234222555
4153122433
4221154343
4335251512
4144552221
1322453531
2321233422
2351433332
4324353422
1125353152
5212241235
1311315253
4131113332
1143231252
3412442344
4322421411
5131512213
4253242452
5222322115
1542125514
2434122311
1124214155
4445552144
5444413124
5111151154
5245351232
5354141455
2321324454
4444343112
5312341353
5535343151
5121245451
1415315423
5152214521
2115112431
2414431111
5553333223
3435131153
5425232124
4123114455
3544151434
5133253232
1455212355
4141423445
2314453555
5442431224
2244221444
5351534151
5234123512
2232423354
3231523344
2334411415
5245225522
4514525521
2125242311
5513122341
2155223511
4411213354
2135451354
4342454545
2433121451
4411312442
1153144424
5254131131
4322541152
5131413545
1124155524
1132413131
3443143425
4141143452
4311521441
3241321241
2215521325
3445335455
1543323544
4122444435
5523242115
3244334114
1234332542
3133225232
1114224552
4525344335
4512513553
2535552512
5152412423
3351545514
1531255112
2143254235
1224114235
2433554154
1431334224
5531333124
4145442424
3321532334
1421351323
1534411331
2245324525
5241225314
4245231253
2122512321
2152153132
1141512245
5135123543
1341254344
2422442151
1132223441
2232521212
3442152141
3312511112
1423141513
3152524142
2432412535
3132225333
2215444251
1314235554
2212412253
5241544224
1211512525
5443514523
3254431554
2525531214
1312422541
3332432123
3555151125
5111425313
5442152152
2432122551
1224433341
4352225145
4411541545
2125224512
5235425221
3311453412
3221454542
1312154432
2422254455
4514511212
3543421242
5152321312
4214131313
3241334143
3125233143
5222355534
2113522412
1122132251
4135224354
1144242455
1131321422
1141444422
5112515254
3541554513
2331525224
5523254431
3411522521
5155312525
1111542454
1244515514
1442555221
3332233423
4223353141
4452224354
4114521245
3521542245
2422213253
5224324153
4354555533
3441244254
3414535455
3541222331
5224125414
2344422444
4424535314
4242312224
3323154523
1415335211
4234423151
5232223443
3415354234
4413333114
5555344241
3344535332
2341423252
1243322532
5525552233
2521521252
3313541322
1142533224
2131555224
5142155412
2233524131
5235112221
4115512233
4324334154
4321551514
5455313231
2452143411
5354221412
1235223251
5431243135
2353251244
1354135212
1213143423
4554515331
4224541224
1254244125
5131452544
2332422125
4411435521
5535251145
5124125351
2311213424
4424341243
2252452141
5213131132
3123524555
5542521453
3143424154
2444213445
4123142512
4231141515
2122244335
4415424444
4245415544
5142451444
1513221124
3555223554
4334544244
5451344122
3115243522
2134142455
1125411123
4123214114
4312245151
4244325534
5123243134
4323524415
3233214525
2254424455
3144515434
5244435545
4214134314
4533155315
5344323211
2453434423
1431132132
3325454512
3221213231
5352344311
5232551522
4433122335
5534255244
3525523135
4333331233
2555235514
3251414343
3533213334
4421134415
5555455124
5121213433
5511512213
4213133222
1524514335
4224314513
2431423321
2554132214
5351255333
3121512153
2435311422
3352114132
4325232343
3334432313
3235535225
2335454123
2344412421
3121231315
1154324113
3445142233
1332531245
5135151435
2241135444
1544524453
2312533525
5455215525
1352235115
1353454221
2444121434
3511421425
5352144322
3543433511
5114235213
5542334423
1354132455
1441432231
1513255422
2545313213
1434515253
1151241323
1243132452
3534144444
1542545212
2154144521
1141133221
5544515213
2314453431
4335115531
2131442353
4333321544
1441222255
2445355524
3334513111
3141215151
5154531354
1551114513
5131122223
4315541531
4351124322
5225235114
3422552521
2541451345
3131253343
2313443252
5154113542
3422424153
5123315251
3234331214
1415515233
3435555343
4451522213
5355322524
5124342545
5114532514
3353135431
4424134432
3444514115
1432513222
2242212523
1242151532
5211455113
5255111213
1453153513
2225112544
4112515124
3133544142
2533231435
1541133211
2324141244
1222441112
1514251511
1153551151
5544445515
5132532422
3133355354
4354223322
4332453325
1144245555
1314554512
5341323414
3131225114
4554511343
4212221313
2134145122
5214423333
3441235453
3324554242
1323111142
4331415241
2115443341
4233355253
1131211243
1534214555
5443443525
2113134112
2531253151
4551513121
3215141243
1533553212
3311435433
2354211341
2345341232
2255551112
1122213235
1344511514
1451542132
2521455255
2424442141
3442322253
4512251513
3214143555
5552243535
5415245535
3521342155
5532213323
3252422332
2534115435
2514125224
3432335231
3151241234